# Wisteria Dusk
# Generated by theming/generate.py from theming/palette.json.
# Edit those, not this file.

# File types
DIR 01;38;2;187;146;233
LINK 38;2;85;206;225
ORPHAN 01;38;2;241;112;112
MISSING 01;38;2;241;112;112
EXEC 01;38;2;148;233;151
FIFO 38;2;245;217;131
SOCK 38;2;254;173;219
DOOR 38;2;254;173;219
BLK 01;38;2;202;175;89
CHR 01;38;2;202;175;89
SETUID 38;2;19;19;24;48;2;241;112;112
SETGID 38;2;19;19;24;48;2;245;217;131
STICKY 01;38;2;187;146;233;48;2;51;51;60
OTHER_WRITABLE 01;38;2;187;146;233;48;2;51;51;60
STICKY_OTHER_WRITABLE 01;38;2;187;146;233;48;2;51;51;60

# peach
.tar 38;2;250;163;101
.tgz 38;2;250;163;101
.gz 38;2;250;163;101
.xz 38;2;250;163;101
.zst 38;2;250;163;101
.bz2 38;2;250;163;101
.lz4 38;2;250;163;101
.zip 38;2;250;163;101
.7z 38;2;250;163;101
.rar 38;2;250;163;101
.deb 38;2;250;163;101
.rpm 38;2;250;163;101
.jar 38;2;250;163;101

# pink
.png 38;2;254;173;219
.jpg 38;2;254;173;219
.jpeg 38;2;254;173;219
.gif 38;2;254;173;219
.webp 38;2;254;173;219
.avif 38;2;254;173;219
.svg 38;2;254;173;219
.bmp 38;2;254;173;219
.ico 38;2;254;173;219
.tif 38;2;254;173;219
.tiff 38;2;254;173;219
.xcf 38;2;254;173;219
.kra 38;2;254;173;219

# ochre
.mp3 38;2;202;175;89
.flac 38;2;202;175;89
.ogg 38;2;202;175;89
.opus 38;2;202;175;89
.wav 38;2;202;175;89
.m4a 38;2;202;175;89
.mp4 38;2;202;175;89
.mkv 38;2;202;175;89
.webm 38;2;202;175;89
.mov 38;2;202;175;89
.avi 38;2;202;175;89

# flamingo
.pdf 38;2;243;200;202
.epub 38;2;243;200;202
.djvu 38;2;243;200;202
.doc 38;2;243;200;202
.docx 38;2;243;200;202
.odt 38;2;243;200;202
.xls 38;2;243;200;202
.xlsx 38;2;243;200;202
.ods 38;2;243;200;202
.ppt 38;2;243;200;202
.pptx 38;2;243;200;202
.odp 38;2;243;200;202

# maroon
.iso 38;2;234;137;161
.img 38;2;234;137;161
.qcow2 38;2;234;137;161
.vdi 38;2;234;137;161
.vmdk 38;2;234;137;161
.appimage 38;2;234;137;161

# yellow
.pem 38;2;245;217;131
.crt 38;2;245;217;131
.key 38;2;245;217;131
.pub 38;2;245;217;131
.gpg 38;2;245;217;131
.asc 38;2;245;217;131
.sig 38;2;245;217;131

# overlay0
.bak 38;2;104;102;108
.old 38;2;104;102;108
.orig 38;2;104;102;108
.tmp 38;2;104;102;108
.swp 38;2;104;102;108
.swo 38;2;104;102;108
.part 38;2;104;102;108
.log 38;2;104;102;108
.lock 38;2;104;102;108
